-4.530838727951049805e-01 2.034789562225341797e+00 -9.286606907844543457e-01
3.555957376956939697e-01 1.071878671646118164e-01 5.109020471572875977e-01
1.597216576337814331e-01 7.415013909339904785e-01 6.099879145622253418e-01
1.733824968338012695e+00 -9.335280060768127441e-01 -4.562330543994903564e-01
1.776680111885070801e+00 -1.270634412765502930e+00 -2.284129858016967773e-01
-1.071752071380615234e+00 2.791725873947143555e+00 9.838293194770812988e-01
1.175935029983520508e+00 -1.978401899337768555e+00 -5.674362778663635254e-01
-1.692454338073730469e+00 -4.828409291803836823e-03 -1.616081357002258301e+00
-3.501059412956237793e-01 1.287891864776611328e+00 -1.076349616050720215e+00
5.126613974571228027e-01 1.582871913909912109e+00 -1.020228385925292969e+00
8.002301454544067383e-01 2.708752453327178955e-01 -1.670001983642578125e+00
9.516778588294982910e-01 1.449332475662231445e+00 -1.213533878326416016e-01
4.889515042304992676e-01 -2.815740928053855896e-02 -1.033479332923889160e+00
-2.492497563362121582e-01 -1.735056489706039429e-01 1.900627613067626953e-01
-5.290370583534240723e-01 -3.435313999652862549e-01 1.993642151355743408e-01
-3.866859897971153259e-02 1.030401945114135742e+00 3.370072543621063232e-01
-2.118413448333740234e-01 8.592053651809692383e-01 2.268065929412841797e+00
-2.018368989229202271e-01 7.182227373123168945e-01 -1.509014487266540527e+00
2.229473352432250977e+00 3.398991525173187256e-01 -2.417931109666824341e-01
-1.836817860603332520e+00 -3.237312436103820801e-01 -6.682584434747695923e-02
-1.702335119247436523e+00 -2.660889625549316406e-01 -5.112957954406738281e-01
-2.677336931228637695e-01 -2.275958538055419922e+00 -7.677041888236999512e-01
7.150416374206542969e-01 4.432161748409271240e-01 -2.295168787240982056e-01
5.401896834373474121e-01 -1.379624247550964355e+00 -7.819296717643737793e-01
-1.144741177558898926e+00 1.596544623374938965e+00 -4.148496985435485840e-01
2.233170568943023682e-01 5.500872731208801270e-01 -1.466639876365661621e+00
4.282695055007934570e-01 -3.527242541313171387e-01 1.252302050590515137e+00
-5.517503619194030762e-01 7.441574931144714355e-01 3.959485888481140137e-01
5.491716414690017700e-02 1.617043495178222656e+00 1.108759403228759766e+00
-8.894637823104858398e-01 1.173180807381868362e-02 1.592128038406372070e+00
-1.098981648683547974e-01 -7.547647356986999512e-01 1.718309640884399414e+00
2.039981335401535034e-01 -5.002447962760925293e-01 -7.127356529235839844e-01
1.434479475021362305e+00 1.977966129779815674e-01 -1.458724737167358398e+00
7.525243759155273438e-01 -2.677391767501831055e-01 5.178769826889038086e-01
1.406596004962921143e-01 -5.674749612808227539e-01 1.151358842849731445e+00
1.477056384086608887e+00 1.047704935073852539e+00 -1.195317029953002930e+00
-2.411231100559234619e-01 -5.672957301139831543e-01 -8.658614754676818848e-01
1.562764644622802734e+00 -6.939899325370788574e-01 2.004193514585494995e-01
-5.126627087593078613e-01 -1.003611445426940918e+00 7.067407965660095215e-01
-7.149626016616821289e-01 -1.224601268768310547e+00 -1.801383495330810547e-01
-3.488514423370361328e-01 5.746324658393859863e-01 -6.746177077293395996e-01
-2.231385856866836548e-01 3.494732677936553955e-01 5.619689822196960449e-01
1.772663593292236328e-01 6.035330891609191895e-01 1.587146759033203125e+00
-7.352513670921325684e-01 -2.772207736968994141e+00 9.704283475875854492e-01
-2.696281075477600098e-01 -1.685101509094238281e+00 -2.794456481933593750e-01
5.826662182807922363e-01 -2.678319811820983887e-01 -1.506645977497100830e-01
-6.006053090095520020e-02 -1.333371520042419434e+00 2.842642307281494141e+00
-4.522421211004257202e-02 4.693152308464050293e-01 9.648184180259704590e-01
-6.088819503784179688e-01 9.118446111679077148e-01 -6.454076152294874191e-03
-4.650326818227767944e-02 1.412720799446105957e+00 -2.320605367422103882e-01
9.695716500282287598e-01 1.294244289398193359e+00 -2.231410264968872070e+00
-9.932364225387573242e-01 8.555392026901245117e-01 7.258686423301696777e-01
-1.666250824928283691e-01 3.361830115318298340e-01 5.105338096618652344e-01
-1.793161869049072266e+00 -2.791151285171508789e+00 -1.633551478385925293e+00
1.978850662708282471e-01 3.403509035706520081e-02 -1.723186522722244263e-01
-1.277231097221374512e+00 -1.155796885490417480e+00 -1.199065804481506348e+00
8.812759071588516235e-02 1.294747591018676758e-01 -1.251478195190429688e+00
1.140824079513549805e+00 8.625688552856445312e-01 -6.012262105941772461e-01
-7.381718754768371582e-01 -1.487996101379394531e+00 2.089022874832153320e+00
-9.793476760387420654e-02 -1.405156373977661133e+00 -7.793735861778259277e-01
-8.551241159439086914e-01 -3.878938555717468262e-01 8.083902001380920410e-01
2.497891932725906372e-01 -1.262243241071701050e-01 1.450067400932312012e+00
4.744545221328735352e-01 4.252278208732604980e-01 1.863339185714721680e+00
-1.246931672096252441e+00 1.798079490661621094e+00 -1.582939177751541138e-01
-9.902627021074295044e-02 1.119791865348815918e+00 6.684843301773071289e-01
-2.188595533370971680e+00 6.539941430091857910e-01 4.454389214515686035e-01
6.671087741851806641e-01 -1.270686507225036621e+00 1.118473783135414124e-01
-1.102252975106239319e-01 -1.106459379196166992e+00 -9.137135744094848633e-01
9.741784930229187012e-01 1.165428757667541504e-01 2.183553129434585571e-01
1.906537771224975586e+00 -1.520909667015075684e+00 3.875897265970706940e-03
-1.597074717283248901e-01 -2.757438123226165771e-01 -6.292104721069335938e-01
-6.736087799072265625e-01 9.955672025680541992e-01 3.052727580070495605e-01
-8.443174362182617188e-01 1.284062862396240234e+00 -1.501089215278625488e+00
1.558569431304931641e+00 4.578124582767486572e-01 1.469298839569091797e+00
-4.138603806495666504e-01 -4.711813032627105713e-01 4.475565254688262939e-01
4.191794991493225098e-01 5.642786026000976562e-01 2.300487607717514038e-01
-1.682437300682067871e+00 -2.665974497795104980e-01 -5.129125714302062988e-01
-2.598866522312164307e-01 1.440096020698547363e+00 -5.656918883323669434e-01
1.083321094512939453e+00 2.400347441434860229e-01 1.952792525291442871e+00
-2.976908087730407715e-01 -1.203148961067199707e+00 1.318411588668823242e+00
3.562512397766113281e-01 -8.573392033576965332e-01 -1.753977239131927490e-01
1.286883234977722168e+00 -1.811674237251281738e-01 -2.280608750879764557e-02
-6.034667491912841797e-01 -5.503559112548828125e-02 -1.397015690803527832e+00
-7.323525846004486084e-02 4.844555258750915527e-01 9.057390689849853516e-02
-1.228543877601623535e+00 -4.799104928970336914e-01 3.802132606506347656e-02
-7.089303135871887207e-01 4.197323024272918701e-01 -8.802228569984436035e-01
9.308085441589355469e-01 2.356973737478256226e-01 -2.373727560043334961e-01
2.270382642745971680e+00 -1.937896251678466797e+00 -8.690014481544494629e-01
-4.942467212677001953e-01 -9.336349368095397949e-01 -2.958213984966278076e-01
8.281888812780380249e-02 4.543659090995788574e-01 8.510288000106811523e-01
-1.406512618064880371e+00 1.303569674491882324e-01 -1.245739102363586426e+00
-9.718370437622070312e-02 -1.076843976974487305e+00 1.456096410751342773e+00
4.739429801702499390e-02 1.983926057815551758e+00 1.436740279197692871e+00
-1.549791991710662842e-01 -1.354982018470764160e+00 -2.712562084197998047e-01
-1.827034950256347656e+00 -2.239557981491088867e+00 -1.530279666185379028e-01
-1.079612612724304199e+00 8.878641128540039062e-01 1.557131409645080566e-01
8.243253827095031738e-01 -1.621517300605773926e+00 1.115323305130004883e+00
8.564729690551757812e-01 2.010913044214248657e-01 -6.362696290016174316e-01
7.092100381851196289e-02 -1.670606732368469238e+00 1.496551275253295898e+00
-8.701015710830688477e-01 4.595908820629119873e-01 -7.062752842903137207e-01
-1.061702966690063477e-01 -1.125905394554138184e+00 -1.576343923807144165e-02
-6.981702446937561035e-01 -3.787530958652496338e-01 -6.049354001879692078e-02
-1.750867813825607300e-01 1.654813647270202637e+00 -8.645982742309570312e-01
1.183241367340087891e+00 -8.055549263954162598e-01 5.328587293624877930e-01
1.740031480789184570e+00 4.077604506164789200e-03 -5.310621261596679688e-01
-1.431250125169754028e-01 -1.268969476222991943e-01 5.808297991752624512e-01
-2.054254293441772461e+00 -6.957562565803527832e-01 -1.371701508760452271e-01
6.386339664459228516e-02 -9.624272584915161133e-01 4.091078341007232666e-01
5.247536301612854004e-01 -8.307908773422241211e-01 -1.555261254310607910e+00
-9.267330169677734375e-01 -5.588369369506835938e-01 -1.681892871856689453e+00
-1.741472363471984863e+00 -3.255492448806762695e-01 7.644982933998107910e-01
-2.233626365661621094e+00 3.033470809459686279e-01 -4.086702167987823486e-01
-7.669366896152496338e-02 -1.428741693496704102e+00 2.507411539554595947e-01
-1.949058413505554199e+00 2.985372245311737061e-01 2.481709718704223633e+00
4.771635532379150391e-01 4.088461399078369141e-01 2.042985856533050537e-01
4.593933522701263428e-01 1.145797491073608398e+00 2.239351570606231689e-01
6.796107441186904907e-02 -5.737006664276123047e-01 -2.318349123001098633e+00
1.254442147910594940e-02 8.851230740547180176e-01 -1.939263790845870972e-01
-1.265416592359542847e-01 -3.991219401359558105e-01 -8.596515655517578125e-01
-2.102463006973266602e+00 7.250158190727233887e-01 9.076695442199707031e-01
1.673617362976074219e-01 1.957824230194091797e-01 2.504296004772186279e-01
-2.302955090999603271e-01 1.555710911750793457e+00 1.184503063559532166e-01
-6.047024726867675781e-01 3.442685008049011230e-01 -1.286118179559707642e-01
2.098751068115234375e+00 -7.484020292758941650e-02 1.067692518234252930e+00
-9.727380275726318359e-01 -2.422128766775131226e-01 -1.085436940193176270e+00
4.216301441192626953e-01 -1.059183716773986816e+00 -1.709362864494323730e+00
1.641324281692504883e+00 -9.728937596082687378e-02 -2.979344129562377930e-01
1.033525913953781128e-01 -4.458487033843994141e-02 6.118958592414855957e-01
-2.063911914825439453e+00 -1.124366447329521179e-01 -5.462878346443176270e-01
2.045901268720626831e-01 6.822068095207214355e-01 -5.005824565887451172e-01
-4.930096864700317383e-01 1.932361841201782227e+00 -1.748202681541442871e+00
4.359513521194458008e-01 1.504734009504318237e-01 2.832552790641784668e-02
-2.703161239624023438e+00 -2.276709079742431641e+00 -2.305659800767898560e-01
4.965499639511108398e-01 -4.971019029617309570e-01 -6.440480351448059082e-01
8.308547735214233398e-01 -5.328882336616516113e-01 -3.103057146072387695e-01
-2.489184141159057617e-01 -2.370577752590179443e-01 -1.888896584510803223e+00
-4.977811574935913086e-01 -1.879047870635986328e+00 -3.890376091003417969e-01
4.352486878633499146e-02 -7.081952691078186035e-01 -8.097302317619323730e-01
-2.235764265060424805e-01 -9.046932458877563477e-01 1.562168300151824951e-01
-1.384620666503906250e+00 1.431071996688842773e+00 -7.568094730377197266e-01
6.517493128776550293e-01 -1.094973921775817871e+00 6.211841702461242676e-01
7.188681960105895996e-01 -1.547760248184204102e+00 -4.086357951164245605e-01
-1.462929844856262207e-01 -9.253845214843750000e-01 -4.086345136165618896e-01
1.508258342742919922e+00 9.157505631446838379e-01 -5.151362419128417969e-01
-1.255451917648315430e+00 2.739982008934020996e-01 5.738882422447204590e-01
-8.486241102218627930e-01 4.392491877079010010e-01 -2.287253737449645996e-01
2.940752804279327393e-01 7.972122430801391602e-01 2.555813491344451904e-01
-1.240942001342773438e+00 5.898965597152709961e-01 1.554526448249816895e+00
-5.212678015232086182e-02 1.000444889068603516e+00 -3.222532033920288086e+00
1.037158817052841187e-01 -5.219885110855102539e-01 5.659592747688293457e-01
-2.135391086339950562e-01 1.710813045501708984e+00 5.617256164550781250e-01
-2.282208442687988281e+00 1.373303055763244629e+00 7.585892081260681152e-01
1.695007681846618652e+00 -6.877213716506958008e-02 4.083185642957687378e-02
2.846382558345794678e-01 3.132017850875854492e-01 1.189049839973449707e+00
1.337783217430114746e+00 7.141565531492233276e-02 -6.014420390129089355e-01
-1.592417061328887939e-01 -5.711963176727294922e-01 1.623367547988891602e+00
5.673999190330505371e-01 -3.861946463584899902e-01 -5.004995465278625488e-01
-5.164312124252319336e-01 1.182199597358703613e+00 -1.833574175834655762e+00
1.244745016098022461e+00 8.838598728179931641e-01 1.318323135375976562e+00
1.428917407989501953e+00 -8.034177422523498535e-01 -1.072131693363189697e-01
5.186377167701721191e-01 -1.404496908187866211e+00 1.250271439552307129e+00
-7.470577359199523926e-01 4.636455774307250977e-01 5.980812907218933105e-01
-8.018279075622558594e-02 4.343932271003723145e-01 -1.208883404731750488e+00
-9.343825578689575195e-01 3.372019827365875244e-01 1.225422263145446777e+00
-1.826165020465850830e-01 2.009109258651733398e+00 -6.220694780349731445e-01
3.169916272163391113e-01 9.083037823438644409e-02 -3.420586287975311279e-01
8.721327185630798340e-01 1.401024103164672852e+00 -7.847041487693786621e-01
-4.184538125991821289e-01 -1.908741146326065063e-01 -1.402554631233215332e+00
-2.276832908391952515e-01 3.750283718109130859e-01 -9.226666688919067383e-01
-1.179170981049537659e-01 -1.231988668441772461e+00 -1.000880956649780273e+00
4.373741745948791504e-01 3.744329512119293213e-01 -1.706889867782592773e+00
-2.108599901199340820e+00 -2.694005072116851807e-01 1.284738481044769287e-01
-1.015966534614562988e+00 -1.215776681900024414e+00 -2.774411737918853760e-01
-1.551829695701599121e+00 1.062673449516296387e+00 7.922716140747070312e-01
9.657016992568969727e-01 -2.860282957553863525e-01 -1.867428123950958252e-01
1.420404314994812012e+00 -1.021061778068542480e+00 -4.025537073612213135e-01
-1.120950341224670410e+00 -5.157375335693359375e-01 4.935960471630096436e-01
1.772692441940307617e+00 2.061202526092529297e+00 -8.284549713134765625e-01
-1.177100419998168945e+00 5.055946707725524902e-01 -5.256950259208679199e-01
-7.899058461189270020e-01 -9.889863729476928711e-01 -4.040575623512268066e-01
4.450012445449829102e-01 -8.247064948081970215e-01 -4.111237525939941406e-01
-5.216835811734199524e-02 -1.321173757314682007e-01 1.855934560298919678e-01
7.691975831985473633e-01 1.053842715919017792e-02 5.648041963577270508e-01
-2.062069475650787354e-01 -1.986835598945617676e+00 1.753763794898986816e+00
1.342352390289306641e+00 -1.477308154106140137e+00 -1.079700350761413574e+00
3.528740108013153076e-01 -1.318219542503356934e+00 1.200249791145324707e+00
-1.122349023818969727e+00 -8.632556796073913574e-01 6.301494240760803223e-01
8.706251978874206543e-01 -1.459490209817886353e-01 5.431997179985046387e-01
1.744287490844726562e+00 7.751155495643615723e-01 -2.461607754230499268e-01
-3.273025453090667725e-01 7.876497507095336914e-01 3.297616243362426758e-01
4.844768941402435303e-01 -1.518568277359008789e+00 -1.029928207397460938e+00
1.673442959785461426e+00 2.466313391923904419e-01 -7.571386098861694336e-01
1.226940870285034180e+00 -4.973118193447589874e-03 -1.748085737228393555e+00
2.224740982055664062e-01 -9.380986094474792480e-01 1.662351727485656738e+00
7.846438884735107422e-01 -1.770925223827362061e-01 -9.503465890884399414e-01
-3.328104913234710693e-01 1.310773640871047974e-01 -4.828164875507354736e-01
-1.218580842018127441e+00 -6.863324642181396484e-01 9.243463277816772461e-01
-1.516030728816986084e-01 -4.727326333522796631e-03 -6.651549935340881348e-01
2.227263301610946655e-01 5.049735307693481445e-01 -1.039337635040283203e+00
1.507077962160110474e-01 5.499407052993774414e-01 -1.695070743560791016e+00
-8.955603241920471191e-01 3.467961251735687256e-01 6.889156103134155273e-01
4.669033885002136230e-01 -2.550631463527679443e-01 5.452334135770797729e-02
2.291796356439590454e-01 1.787769943475723267e-01 3.036141768097877502e-02
6.379129886627197266e-01 -1.313927769660949707e-01 -1.116166234016418457e+00
-1.779802739620208740e-01 3.608947396278381348e-01 1.273087501525878906e+00
-7.887344956398010254e-01 1.454855799674987793e+00 2.134547710418701172e+00
-8.427810668945312500e-01 5.946119427680969238e-01 -6.673606038093566895e-01
-6.482465267181396484e-01 -1.413738250732421875e+00 -1.006782129406929016e-01
4.236578047275543213e-01 -1.581385731697082520e+00 -1.327166676521301270e+00
5.749429464340209961e-01 1.668817281723022461e+00 2.624917030334472656e-01
-7.109837532043457031e-01 3.087026812136173248e-02 1.202089428901672363e+00
-6.274594664573669434e-01 -1.886350274085998535e+00 8.218773603439331055e-01
1.497449636459350586e+00 -9.387299418449401855e-01 5.636457800865173340e-01
-4.229970276355743408e-01 2.829677462577819824e-01 -7.632721066474914551e-01
-1.138627648353576660e+00 -1.018778681755065918e+00 1.349799335002899170e-02
1.627976775169372559e+00 1.065052598714828491e-01 2.013367600739002228e-02
1.283092983067035675e-02 -2.779794335365295410e-01 -7.116305232048034668e-01
-3.379332721233367920e-01 2.123002111911773682e-01 6.118149161338806152e-01
8.265613317489624023e-01 1.971290826797485352e+00 1.916147023439407349e-01
-2.148447036743164062e-01 8.611716628074645996e-01 -1.069504141807556152e+00
2.106161117553710938e+00 -5.916088819503784180e-01 1.368758916854858398e+00
-3.452954590320587158e-01 2.242382019758224487e-01 1.467541009187698364e-01
3.869042694568634033e-01 -3.130107522010803223e-01 6.431553959846496582e-01
-1.012758612632751465e+00 1.469507455825805664e+00 -6.306353211402893066e-01
8.854973316192626953e-01 9.187225699424743652e-01 -3.198975324630737305e-01
-1.236702278256416321e-01 -8.033980727195739746e-01 4.760473966598510742e-02
-8.984435796737670898e-01 9.965075552463531494e-02 -9.730084538459777832e-01
3.681871294975280762e-01 2.146560549736022949e-01 -1.497300386428833008e+00
-1.048643350601196289e+00 1.564734615385532379e-02 1.533458709716796875e+00
-1.335030913352966309e+00 1.867531299591064453e+00 -6.324446797370910645e-01
-5.907403230667114258e-01 6.728544235229492188e-01 1.557955384254455566e+00
-1.889829158782958984e+00 8.018333911895751953e-01 -2.447104930877685547e+00
2.892339527606964111e-01 -4.293914437294006348e-01 -5.168825387954711914e-01
-1.345209240913391113e+00 1.997677206993103027e+00 -1.010168433189392090e+00
-1.109616756439208984e+00 -1.721617132425308228e-01 -5.831013321876525879e-01
7.234860658645629883e-01 2.246752381324768066e-01 1.024705648422241211e+00
5.842527151107788086e-01 1.888424515724182129e+00 -5.543629527091979980e-01
7.118807435035705566e-01 3.217069804668426514e-01 -1.168748140335083008e+00
-2.819120883941650391e+00 -9.560703635215759277e-01 -5.654072016477584839e-02
1.565628409385681152e+00 9.640790224075317383e-01 -4.054681658744812012e-01
-1.732084274291992188e+00 7.860808372497558594e-01 1.478680491447448730e+00
-2.392969608306884766e+00 -5.373858213424682617e-01 -2.894991040229797363e-01
-1.668028831481933594e+00 2.620249748229980469e+00 -1.166295647621154785e+00
1.598694562911987305e+00 -1.024488925933837891e+00 -2.085093706846237183e-01
5.053986907005310059e-01 2.296546548604965210e-01 -2.143275260925292969e+00
5.314739421010017395e-03 -6.160445809364318848e-01 -1.667074561119079590e-01
1.739841938018798828e+00 5.643159151077270508e-01 -2.287288010120391846e-01
2.488961815834045410e-01 -1.484916210174560547e+00 5.806401968002319336e-01
-3.790655732154846191e-01 -2.313068956136703491e-01 1.564601808786392212e-01
-1.001643300056457520e+00 4.313593208789825439e-01 -6.225156784057617188e-01
8.437694907188415527e-01 -1.146902918815612793e+00 4.557624459266662598e-01
-7.996411323547363281e-01 -2.175018377602100372e-02 1.771124958992004395e+00
2.503685057163238525e-01 -1.757778525352478027e-01 8.655833601951599121e-01
3.493804633617401123e-01 1.038043498992919922e+00 4.164459407329559326e-01
1.040122061967849731e-01 -1.551010906696319580e-01 -2.505362629890441895e-01
-8.024351671338081360e-03 -5.828203558921813965e-01 -4.869351089000701904e-01
4.789581298828125000e-01 -1.370915472507476807e-01 8.454347401857376099e-02
-6.508021950721740723e-01 -1.078584671020507812e+00 5.803861618041992188e-01
-1.867163062095642090e+00 2.650790214538574219e-01 2.175772190093994141e+00
-9.562718272209167480e-01 -1.037568926811218262e+00 -1.356171727180480957e+00
-1.786402344703674316e+00 -9.545799493789672852e-01 -8.797841668128967285e-01
1.892780184745788574e+00 2.111813306808471680e+00 1.057690262794494629e+00
1.201149225234985352e+00 1.036710739135742188e+00 -5.112947225570678711e-01
5.735491514205932617e-01 1.119841217994689941e+00 3.881112337112426758e-01
1.302824258804321289e+00 -5.530413389205932617e-01 -2.933006763458251953e+00
-6.102650612592697144e-02 -4.869842901825904846e-02 1.075738593935966492e-01
2.348423153162002563e-01 6.106277108192443848e-01 -1.798785775899887085e-01
-4.646861255168914795e-01 1.328227877616882324e+00 3.320575356483459473e-01
-1.174532651901245117e+00 -1.848090052604675293e+00 1.142875909805297852e+00
-6.363828778266906738e-01 5.178779959678649902e-01 1.658221781253814697e-01
-4.622117802500724792e-02 -1.775135993957519531e-01 -4.436784088611602783e-01
3.772495985031127930e-01 1.185903787612915039e+00 -8.869817852973937988e-02
-8.961584568023681641e-01 -4.447183012962341309e-01 -2.628090620040893555e+00
-2.894953191280364990e-01 1.140002250671386719e+00 1.076363801956176758e+00
3.220602869987487793e-01 -2.835408449172973633e-01 -2.716537117958068848e-01
-5.974025726318359375e-01 1.733611583709716797e+00 -1.405728816986083984e+00
-1.968985795974731445e-01 -3.887454569339752197e-01 -4.368033111095428467e-01
-1.442822962999343872e-01 1.251049995422363281e+00 -5.703846812248229980e-01
-2.132975012063980103e-01 -3.172878921031951904e-01 -2.411773055791854858e-01
-9.001404643058776855e-01 -3.213143944740295410e-01 1.837672740221023560e-01
-1.381106495857238770e+00 8.857452124357223511e-02 1.473569154739379883e+00
1.322578638792037964e-02 -7.104235291481018066e-01 5.813744068145751953e-01
1.019855260848999023e+00 -3.444418013095855713e-01 4.095088806934654713e-04
-1.170649230480194092e-01 -3.568641245365142822e-01 -2.477580122649669647e-02
-5.262621045112609863e-01 -2.751064002513885498e-01 1.441959857940673828e+00
5.054931640625000000e-01 -2.627891898155212402e-01 -1.181926488876342773e+00
1.146324992179870605e+00 5.353258252143859863e-01 -5.990630388259887695e-01
-7.100767493247985840e-01 1.970210552215576172e+00 6.197440028190612793e-01
-6.402361392974853516e-01 1.147741913795471191e+00 8.586138486862182617e-02
-5.486809611320495605e-01 -1.574009656906127930e+00 -2.419769316911697388e-01
-4.824711084365844727e-01 9.837406128644943237e-02 8.500316143035888672e-01
2.113138735294342041e-01 -1.272142678499221802e-01 2.727234549820423126e-02
-7.830845117568969727e-01 1.288509845733642578e+00 -1.254255890846252441e+00
-1.602106243371963501e-01 -9.626371860504150391e-01 9.990301728248596191e-01
-2.338489145040512085e-01 4.556058347225189209e-01 -5.431908965110778809e-01
8.365686535835266113e-01 -1.527193665504455566e+00 2.871859967708587646e-01
-3.610730171203613281e-01 -2.530749738216400146e-01 -8.450784087181091309e-01
3.668547570705413818e-01 -2.930496335029602051e-01 2.472084611654281616e-01
5.568314790725708008e-01 4.341203272342681885e-01 9.096939563751220703e-01
4.931934922933578491e-02 4.511228799819946289e-01 -1.176063299179077148e+00
-5.264948606491088867e-01 6.991962790489196777e-01 -1.847570776939392090e+00
-3.474504947662353516e-01 9.427210092544555664e-01 -8.189415335655212402e-01
-2.095478057861328125e+00 -1.211141645908355713e-01 -1.142999529838562012e+00
-5.525455474853515625e-01 5.936721563339233398e-01 1.529914140701293945e+00
-5.135653167963027954e-02 -7.439101934432983398e-01 6.802478432655334473e-01
-1.063524857163429260e-01 6.979568004608154297e-01 -2.596043050289154053e-01
2.499201893806457520e-01 -1.424092054367065430e+00 -5.926166474819183350e-02
-8.502103090286254883e-01 2.403376102447509766e+00 -3.797450363636016846e-01
5.359081625938415527e-01 -6.960083842277526855e-01 -4.382900595664978027e-01
1.479774355888366699e+00 6.748635172843933105e-01 -3.981591463088989258e-01
7.671776413917541504e-01 1.502069383859634399e-01 -7.166353464126586914e-01
4.603491723537445068e-01 2.802426367998123169e-02 -1.037571579217910767e-01
-1.314638555049896240e-01 3.316393196582794189e-01 -6.095383763313293457e-01
-1.363292336463928223e+00 1.095497131347656250e+00 -1.319198369979858398e+00
-1.173391819000244141e+00 6.142481565475463867e-01 -6.289356350898742676e-01
-1.408800005912780762e+00 1.371844649314880371e+00 -4.398272931575775146e-01
-6.457025557756423950e-02 -1.910261362791061401e-01 5.098459720611572266e-01
6.555560827255249023e-01 2.695062875747680664e+00 -3.611952662467956543e-01
6.335641145706176758e-01 -1.094244003295898438e+00 1.519129633903503418e+00
3.234081506729125977e+00 -1.388757824897766113e+00 3.477754592895507812e-01
