2.211800813674926758e-01 1.263512969017028809e-01 -9.677486866712570190e-02
-7.952723503112792969e-01 -1.912206411361694336e-01 7.196196913719177246e-01
4.950192198157310486e-02 -1.916902721859514713e-03 1.397911429405212402e+00
2.335772514343261719e-01 -2.577210962772369385e-01 -4.446556270122528076e-01
-1.590014994144439697e-01 -6.744197010993957520e-01 -2.967121303081512451e-01
1.148021072149276733e-01 4.876111149787902832e-01 -3.390352427959442139e-01
1.205382943153381348e+00 3.250442743301391602e-01 -2.869383096694946289e-01
9.275627732276916504e-01 9.316905140876770020e-01 1.275101423263549805e+00
-7.872685194015502930e-01 -8.130086064338684082e-01 7.823334932327270508e-01
8.704258799552917480e-01 1.513149440288543701e-01 4.112812876701354980e-01
-1.605260074138641357e-01 -8.473922014236450195e-01 9.152374267578125000e-01
4.422617554664611816e-01 2.250937819480895996e-01 4.656057953834533691e-01
2.681390643119812012e-01 1.003645181655883789e+00 -7.529909014701843262e-01
-1.261505126953125000e+00 4.720280766487121582e-01 -4.336911439895629883e-01
-1.674485921859741211e+00 -1.162618279457092285e+00 4.401611685752868652e-01
-4.227849245071411133e-01 7.834388017654418945e-01 -7.081913948059082031e-01
1.038666889071464539e-01 1.241765320301055908e-01 1.074953317642211914e+00
-8.809092044830322266e-01 7.987061142921447754e-01 7.294731736183166504e-01
7.491253018379211426e-01 -1.564148068428039551e+00 5.122706294059753418e-01
4.013091325759887695e-02 -5.331351757049560547e-01 -7.445383071899414062e-01
-1.043726801872253418e+00 -5.888230204582214355e-01 -1.152510523796081543e+00
1.231314316391944885e-01 -6.733609437942504883e-01 7.827436923980712891e-01
8.169838786125183105e-01 3.686061501502990723e-01 -3.333987593650817871e-01
-3.336577415466308594e-01 2.894061207771301270e-01 -6.110796928405761719e-01
1.174151897430419922e+00 -9.045590162277221680e-01 2.015594020485877991e-02
2.601923942565917969e-01 -4.939272999763488770e-01 5.917182564735412598e-01
-6.771025657653808594e-01 -9.004019498825073242e-01 7.115297317504882812e-01
2.584106624126434326e-01 -5.674656033515930176e-01 -1.366985440254211426e+00
-7.709242701530456543e-01 -2.603410482406616211e-01 -7.148661017417907715e-01
-4.122615754604339600e-01 -2.490057237446308136e-02 -3.680445849895477295e-01
5.256097912788391113e-01 1.186823248863220215e+00 -6.243095397949218750e-01
2.692602276802062988e-01 1.000862002372741699e+00 6.358624994754791260e-02
-9.548075199127197266e-01 1.201617956161499023e+00 -7.661022543907165527e-01
-2.974762320518493652e-01 5.607910156250000000e-01 -2.917659878730773926e-01
4.035330712795257568e-01 4.296742081642150879e-01 -7.478948831558227539e-01
1.008734345436096191e+00 -1.163162589073181152e+00 -5.136064887046813965e-01
-2.423125319182872772e-02 -1.244044423103332520e+00 -1.183284997940063477e+00
-6.027352809906005859e-02 -1.014855355024337769e-01 -3.282614052295684814e-01
1.801858305931091309e+00 8.385865688323974609e-01 -1.263394474983215332e+00
-2.278026819229125977e+00 -7.726464867591857910e-01 -7.822269201278686523e-01
-1.326888501644134521e-01 6.270983219146728516e-01 1.116963863372802734e+00
-5.712407827377319336e-01 -5.701203346252441406e-01 1.460523843765258789e+00
4.575550854206085205e-01 -8.998171687126159668e-01 8.823081254959106445e-01
-3.673861622810363770e-01 -3.844357132911682129e-01 -9.172031283378601074e-01
-3.445140123367309570e-01 -3.048482537269592285e-01 1.138297200202941895e+00
-6.769334077835083008e-01 1.364348411560058594e+00 -1.421989321708679199e+00
1.669574379920959473e-01 9.499391913414001465e-01 -6.655656099319458008e-01
1.238159894943237305e+00 -1.578246504068374634e-01 -5.939651727676391602e-01
-1.325395226478576660e+00 -2.146458029747009277e-01 -1.144117593765258789e+00
3.972238004207611084e-01 7.361903041601181030e-02 3.678014874458312988e-01
-1.434409976005554199e+00 -1.417229771614074707e-01 -1.704037934541702271e-01
6.621504426002502441e-01 -4.722359478473663330e-01 1.110272526741027832e+00
-2.314048409461975098e-01 1.709371566772460938e+00 -1.977336555719375610e-01
7.687803506851196289e-01 8.408053964376449585e-02 6.860865354537963867e-01
4.220177829265594482e-01 3.881740272045135498e-01 -6.926382780075073242e-01
1.501010507345199585e-01 -5.633888840675354004e-01 5.698185041546821594e-02
5.675250291824340820e-01 3.565331995487213135e-01 -3.634990751743316650e-01
4.129729866981506348e-01 2.333663031458854675e-02 6.063005328178405762e-01
1.070365786552429199e+00 -1.271653294563293457e+00 1.504506826400756836e+00
-1.336307525634765625e+00 -7.541177868843078613e-01 -1.236285090446472168e+00
-4.542007744312286377e-01 1.216866731643676758e+00 -4.671643078327178955e-01
-1.345224499702453613e+00 -8.732587695121765137e-01 8.657080531120300293e-01
1.861562132835388184e-01 -6.852371096611022949e-01 -1.084386743605136871e-02
7.142662405967712402e-01 -3.697143197059631348e-01 2.821269631385803223e-01
3.975856304168701172e-01 -4.329890608787536621e-01 -1.754634380340576172e+00
8.960837721824645996e-01 -7.252731919288635254e-01 -9.118076562881469727e-01
-9.750821441411972046e-02 -2.297182559967041016e+00 1.324150711297988892e-01
-7.123072147369384766e-01 -1.690493106842041016e+00 1.636355966329574585e-01
7.251251935958862305e-01 -7.939103245735168457e-01 -1.042010039091110229e-01
6.370074748992919922e-01 6.298831701278686523e-01 -1.426671266555786133e+00
1.766495227813720703e+00 -4.390866756439208984e-01 4.186972975730895996e-01
-2.387795925140380859e+00 1.036018133163452148e+00 5.501950979232788086e-01
4.592782855033874512e-01 -3.253366947174072266e-01 2.878353118896484375e+00
3.150363266468048096e-01 1.221455931663513184e+00 9.897847175598144531e-01
-5.444545745849609375e-01 -1.037592172622680664e+00 -1.401734352111816406e+00
4.568593800067901611e-01 4.389653205871582031e-01 5.420979857444763184e-01
6.213949918746948242e-01 2.666728794574737549e-01 -6.047714948654174805e-01
-3.986411690711975098e-01 1.099812269210815430e+00 3.083647042512893677e-02
5.676349997520446777e-01 4.238396584987640381e-01 -6.270919442176818848e-01
-7.926213145256042480e-01 6.258456707000732422e-01 7.622319459915161133e-01
8.774848580360412598e-01 3.724796473979949951e-01 -7.187634706497192383e-01
1.730518221855163574e+00 -3.677726387977600098e-01 -1.762659102678298950e-01
-1.687121987342834473e-01 3.335426747798919678e-01 1.209235191345214844e+00
-1.352316737174987793e+00 3.496598303318023682e-01 -4.672397673130035400e-01
4.706342816352844238e-01 3.075582087039947510e-01 -1.596097946166992188e+00
-3.316877186298370361e-01 1.914803504943847656e+00 4.504050910472869873e-01
4.498758316040039062e-01 6.157671809196472168e-01 5.929652452468872070e-01
-8.477103114128112793e-01 -1.223572254180908203e+00 3.376742899417877197e-01
-3.523134887218475342e-01 -5.377414822578430176e-01 8.307076692581176758e-01
-7.152217626571655273e-01 1.001926779747009277e+00 5.371369719505310059e-01
1.040636658668518066e+00 3.714827895164489746e-01 -1.577512174844741821e-01
-5.071136355400085449e-01 1.506407856941223145e+00 6.690277457237243652e-01
-5.024628639221191406e-01 1.155996322631835938e+00 -4.845921099185943604e-01
5.002085566520690918e-01 -1.123962044715881348e+00 -7.766432762145996094e-01
1.099151745438575745e-01 -3.557188510894775391e-01 3.122611436992883682e-03
-1.163007989525794983e-01 2.014116048812866211e+00 1.699928194284439087e-01
-1.006624579429626465e+00 -2.647724151611328125e+00 4.440941512584686279e-01
-4.225672483444213867e-01 -5.782837867736816406e-01 -2.869351506233215332e-01
-5.996450781822204590e-01 2.255906581878662109e+00 9.112107753753662109e-01
-4.406915307044982910e-01 6.133698821067810059e-01 1.037764176726341248e-01
4.661485254764556885e-01 -1.210045933723449707e+00 1.772037148475646973e-02
-3.397376239299774170e-01 7.080231904983520508e-01 6.443546414375305176e-01
-1.410841584205627441e+00 7.791944080963730812e-04 -9.952536821365356445e-01
-1.408786296844482422e+00 1.289299488067626953e+00 -9.170837998390197754e-01
6.540311574935913086e-01 -1.128250360488891602e+00 4.243762493133544922e-01
-5.063759684562683105e-01 3.893381059169769287e-01 -5.567559599876403809e-01
6.626887917518615723e-01 1.444820404052734375e+00 -3.898248076438903809e-01
4.635795652866363525e-01 -8.014897257089614868e-02 -1.026718974113464355e+00
-3.832411468029022217e-01 -4.767518341541290283e-01 -3.354493379592895508e-01
4.686184227466583252e-02 3.561795055866241455e-01 -6.708898544311523438e-01
3.074918128550052643e-02 2.510305345058441162e-01 -6.605640053749084473e-01
-1.237407550215721130e-01 9.305135607719421387e-01 4.604794979095458984e-01
-2.293499708175659180e+00 1.083818435668945312e+00 -9.092994928359985352e-01
4.596038758754730225e-01 4.778702929615974426e-02 -5.433149337768554688e-01
6.128848195075988770e-01 1.915573477745056152e-01 -3.695260882377624512e-01
1.416690707206726074e+00 1.360231757164001465e+00 -1.068191170692443848e+00
-2.010219693183898926e-01 5.924083590507507324e-01 -3.995081782341003418e-01
1.720203518867492676e+00 -3.031387738883495331e-02 -1.111883759498596191e+00
-6.482798457145690918e-01 -9.377582669258117676e-01 -2.197981595993041992e+00
-5.879271626472473145e-01 -2.112123966217041016e-01 -4.659964144229888916e-01
-2.084414005279541016e+00 -4.440574347972869873e-01 -3.333984613418579102e+00
-1.512084126472473145e+00 -1.711385011672973633e+00 2.394824028015136719e+00
-1.917219281196594238e+00 -1.902902126312255859e-01 1.419417142868041992e+00
-2.712406873703002930e+00 5.155088901519775391e-01 -1.010526895523071289e+00
5.958966612815856934e-01 9.194655716419219971e-02 -1.810480505228042603e-01
-1.759410858154296875e+00 2.152408123016357422e+00 5.409969687461853027e-01
2.515521943569183350e-01 -6.478359103202819824e-01 1.140574574470520020e+00
-4.673666059970855713e-01 9.483641982078552246e-01 -7.319515943527221680e-01
-8.241981863975524902e-01 -6.332594156265258789e-02 -1.913571357727050781e+00
-1.170933604240417480e+00 2.324902415275573730e-01 1.293011903762817383e+00
-1.299981027841567993e-01 9.147446155548095703e-01 -1.621778964996337891e+00
1.281691551208496094e+00 -4.944107830524444580e-01 -6.106849908828735352e-01
3.104248642921447754e-01 6.751496791839599609e-01 9.005873799324035645e-01
-8.247437328100204468e-02 -1.986679911613464355e+00 -5.812388062477111816e-01
1.568868160247802734e+00 8.599096536636352539e-01 4.468954205513000488e-01
-1.153815761208534241e-01 1.640408396720886230e+00 2.605657279491424561e-01
-1.363652706146240234e+00 1.806387901306152344e+00 4.101818501949310303e-01
-2.473298311233520508e-01 4.301397874951362610e-02 -3.834491670131683350e-01
3.136118873953819275e-02 -7.467467784881591797e-01 -3.297194540500640869e-01
-8.190321922302246094e-01 -8.286200761795043945e-01 1.761459708213806152e-01
-5.755932331085205078e-01 4.023515284061431885e-01 9.154247641563415527e-01
8.320454359054565430e-01 -8.958883285522460938e-01 1.420758843421936035e+00
-1.601049900054931641e+00 -1.978452682495117188e+00 8.197007775306701660e-01
-6.841395497322082520e-01 5.208407044410705566e-01 -1.172382831573486328e+00
-7.437416911125183105e-01 1.055902361869812012e+00 -6.172485947608947754e-01
-9.971333146095275879e-01 -4.376507103443145752e-01 -2.208226442337036133e+00
1.407966136932373047e+00 -5.740929841995239258e-01 -2.962860167026519775e-01
-1.709217786788940430e+00 -1.344037652015686035e+00 1.784587740898132324e+00
-2.037754058837890625e+00 4.723214507102966309e-01 -2.512079775333404541e-01
-8.631372451782226562e-01 4.810025542974472046e-02 1.368847608566284180e+00
-8.443083763122558594e-01 -7.081093192100524902e-01 -4.743705987930297852e-01
8.751648068428039551e-01 1.810366630554199219e+00 7.835199832916259766e-01
-1.182004570960998535e+00 3.535798788070678711e-01 9.928839206695556641e-01
4.356319829821586609e-02 -1.429803371429443359e+00 9.258835315704345703e-01
6.315899491310119629e-01 1.070655822753906250e+00 -1.315231025218963623e-01
-1.973936676979064941e+00 -1.051258921623229980e+00 -4.504594802856445312e-01
5.466784816235303879e-03 -1.579504251480102539e+00 -1.121326565742492676e+00
7.049913406372070312e-01 1.127420544624328613e+00 -1.777730703353881836e+00
-2.979009449481964111e-01 -7.753733992576599121e-01 4.506085515022277832e-01
-6.382974982261657715e-01 4.428684711456298828e-01 1.273506879806518555e+00
-1.271387815475463867e+00 5.241474509239196777e-01 -6.200664043426513672e-01
-8.150262236595153809e-01 7.446417212486267090e-01 1.193351149559020996e+00
-5.460838675498962402e-01 -1.637689590454101562e+00 -2.504011392593383789e-01
1.024673819541931152e+00 -1.226343035697937012e+00 2.982177734375000000e-01
-1.243461016565561295e-02 7.108761668205261230e-01 -1.437492370605468750e-01
-1.091540098190307617e+00 1.309462934732437134e-01 -7.428334653377532959e-02
1.735633760690689087e-01 -1.928093791007995605e+00 3.629097640514373779e-01
-1.780488133430480957e+00 -5.790984034538269043e-01 -5.976544022560119629e-01
1.298884987831115723e+00 -1.352008700370788574e+00 1.436414122581481934e-01
4.855683147907257080e-01 1.061189845204353333e-01 -1.777164340019226074e-01
9.729850888252258301e-01 3.500869870185852051e-01 -3.857243955135345459e-01
-4.840815067291259766e-01 2.607813835144042969e+00 -4.496206641197204590e-01
-7.934663295745849609e-01 1.058966517448425293e+00 1.411729574203491211e+00
1.883596330881118774e-01 4.047950804233551025e-01 8.192191720008850098e-01
-5.244125723838806152e-01 -4.705647230148315430e-01 1.203307271003723145e+00
8.641948699951171875e-01 1.028707742691040039e+00 -5.317299365997314453e-01
-1.175569176673889160e+00 -8.946001529693603516e-02 -2.259495556354522705e-01
9.777098298072814941e-01 6.980273127555847168e-01 -1.677340626716613770e+00
3.483762741088867188e-01 -5.563892722129821777e-01 -6.402490139007568359e-01
4.170885682106018066e-01 -7.939291596412658691e-01 -1.054975032806396484e+00
1.720062643289566040e-01 -5.726736187934875488e-01 1.647946000099182129e+00
5.136360526084899902e-01 -7.659131288528442383e-01 1.044104576110839844e+00
1.679844379425048828e+00 -3.516110181808471680e-01 -1.268110424280166626e-01
5.010427832603454590e-01 -4.572843909263610840e-01 3.810720145702362061e-01
1.172056436538696289e+00 -1.600167751312255859e-01 8.086445331573486328e-01
-1.676962494850158691e+00 -1.680461764335632324e+00 -1.157510995864868164e+00
-2.657819688320159912e-01 1.276586651802062988e+00 2.532792091369628906e+00
1.072646141052246094e+00 4.820126295089721680e-01 5.898008942604064941e-01
3.479385375976562500e-01 1.395933032035827637e+00 5.219581723213195801e-01
-1.022963970899581909e-01 1.319013953208923340e+00 -3.545283377170562744e-01
1.287841677665710449e+00 4.862903654575347900e-01 -1.776406466960906982e-01
-7.366984486579895020e-01 -2.132323980331420898e+00 -1.070688962936401367e+00
-1.311032533645629883e+00 -1.545872092247009277e+00 1.707539856433868408e-01
5.861953496932983398e-01 8.885674476623535156e-01 -1.313784718513488770e+00
1.456438899040222168e+00 1.529264569282531738e+00 -9.117060303688049316e-01
7.565197944641113281e-01 4.663306176662445068e-01 1.512394189834594727e+00
-4.196379184722900391e-01 1.201214194297790527e+00 3.703491687774658203e-01
-1.984135866165161133e+00 7.930858731269836426e-01 1.485771894454956055e+00
9.466881752014160156e-01 -6.741058081388473511e-02 9.913069009780883789e-01
-1.396522521972656250e-01 2.220344357192516327e-02 1.268431186676025391e+00
